29
14
21
29
42
17
20
37
36
5
32
17
29
26
12
37
39
21
14
34
33
31
18
20
35
42
9
27
30
51
37
35
37
16
37
38
38
22
23
23
22
31
21
10
25
32
31
40
18
5
21
31
16
35
23
19
19
15
33
8
8
40
36
31
30
17
9
22
38
25
18
17
38
28
29
9
27
23
9
43
43
16
21
35
9
17
13
35
5
28
21
11
48
36
34
23
18
31
12
29
27
19
15
23
41
21
17
17
18
21
42
54
13
38
9
64
16
26
29
48
42
29
33
24
27
20
31
35
44
26
28
22
46
26
20
9
26
46
10
24
44
28
6
5
14
16
24
17
30
35
43
13
22
31
12
14
64
10
29
27
17
50
34
28
16
28
20
19
19
30
15
17
19
34
23
24
12
14
16
21
21
41
19
4
29
13
22
32
8
12
13
38
29
9
33
27
22
33
67
19
32
18
36
7
19
31
28
33
11
12
5
26
10
29
9
27
22
28
34
19
32
18
36
46
16
13
47
40
27
10
18
25
38
33
18
25
45
28
26
25
26
21
14
7
22
23
18
17
23
8
40
32
17
25
19
42
19
12
8
13
11
19
11
6
13
20
36
32
16
16
12
20
25
8
8
19
14
20
11
24
37
33
14
20
10
8
19
15
28
14
27
16
6
43
28
12
18
9
39
52
42
50
23
28
24
48
49
12
30
32
32
35
29
39
28
25
19
6
8
26
27
25
13
16
31
27
8
20
43
35
19
11
52
43
16
8
1
12
14
53
23
6
8
15
21
17
16
22
16
8
19
40
41
35
9
13
8
13
28
3
4
4
30
37
11
41
9
12
8
34
44
20
18
39
21
21
17
35
12
16
16
14
9
11
8
15
37
11
34
19
21
38
18
30
34
10
30
16
26
9
51
49
35
10
42
42
18
32
31
46
14
39
27
33
27
46
12
3
6
36
29
29
27
32
26
43
35
19
11
52
43
16
8
1
12
14
53
23
6
8
15
21
17
16
22
16
8
19
33
17
36
29
29
20
18
37
17
8
20
26
19
49
42
33
37
32
21
20
40
56
53
42
26
17
20
13
19
31
40
15
34
32
30
16
27
35
21
23
14
19
41
20
29
45
7
31
19
19
11
24
28
11
11
31
17
22
34
35
7
37
31
16
27
32
45
38
26
28
37
39
10
21
15
34
50
-1
40
30
19
12
38
31
9
15
29
14
19
25
21
25
31
23
18
32
25
21
40
30
19
12
38
35
39
32
9
15
29
34
25
22
25
32
23
18
32
25
21
47
40
40
22
30
11
6
23
20
35
52
8
2
47
31
38
38
26
28
15
16
41
50
26
38
18
35
28
30
20
27
36
16
19
51
57
48
26
22
27
18
40
33
17
42
20
13
10
27
31
5
36
60
21
15
36
27
51
26
26
21
25
50
23
44
32
27
37
34
38
32
23
40
23
13
25
27
30
20
16
25
21
26
28
28
30
10
19
6
11
27
28
18
20
9
6
46
43
24
9
24
25
55
61
26
35
49
21
15
19
23
16
29
15
41
25
16
12
38
20
42
8
34
42
30
53
4
44
24
12
12
13
40
20
44
34
20
29
20
18
27
18
26
35
19
17
17
46
21
32
27
44
22
27
13
16
17
26
6
7
8
31
20
26
10
16
18
34
38
7
14
34
44
8
46
23
17
25
11
20
34
46
34
33
7
35
42
41
15
5
37
39
8
40
53
40
14
21
17
20
39
37
4
47
26
12
12
15
20
30
8
18
7
26
27
43
39
38
24
32
30
39
36
13
21
30
19
21
16
6
12
35
25
36
29
31
26
33
24
27
28
7
38
13
26
17
32
22
17
11
34
15
24
49
51
46
16
19
50
48
53
26
21
49
22
36
30
27
30
41
34
35
55
14
33
30
15
10
12
43
17
23
39
25
17
20
24
32
30
10
32
23
14
30
36
30
36
25
23
22
16
27
27
24
37
9
10
50
19
25
32
28
45
15
27
23
23
20
29
54
33
6
31
25
81
18
26
38
54
30
48
28
50
18
56
16
50
41
43
9
29
39
60
23
15
25
38
21
50
26
25
48
40
20
42
22
18
30
31
38
42
21
16
12
30
6
41
15
26
9
47
27
7
30
37
64
30
25
28
12
22
34
27
23
28
11
26
49
9
13
16
40
19
20
43
10
38
19
33
34
19
18
51
35
19
12
10
24
28
11
4
20
35
23
49
3
39
29
12
47
18
23
16
6
38
31
25
18
47
8
32
27
25
18
17
24
35
32
25
17
27
24
31
34
27
22
11
21
32
37
11
23
29
18
20
18
11
18
20
25
17
9
69
54
57
17
18
44
27
39
32
13
21
19
13
41
9
0
62
48
22
16
14
33
5
7
15
28
23
46
38
47
40
44
21
13
56
19
33
16
4
11
41
9
4
6
19
12
27
63
41
29
15
15
9
11
7
25
22
12
13
12
14
17
50
25
19
43
17
43
35
16
5
28
34
13
7
55
37
25
24
7
14
28
22
12
23
25
24
23
28
14
39
30
28
25
20
16
34
14
42
39
36
25
39
22
34
21
40
34
35
14
39
13
27
31
41
13
25
13
23
34
9
30
45
11
22
11
25
38
38
16
31
6
7
27
12
23
26
13
16
7
20
32
29
15
6
0
39
29
47
26
13
27
30
9
12
24
21
23
9
24
27
13
16
23
38
27
18
31
23
15
33
39
21
44
28
34
31
23
28
27
28
41
26
22
15
2
22
18
29
22
33
8
29
24
25
43
52
21
30
19
17
9
22
32
32
24
33
20
40
12
37
23
17
30
11
24
35
35
37
32
16
17
13
29
27
29
31
26
15
34
30
16
8
24
26
13
23
24
20
30
27
20
27
5
37
48
30
24
28
15
31
26
32
23
25
21
16
34
44
33
15
27
21
45
9
30
20
36
47
25
17
44
35
9
43
43
44
45
30
32
17
19
19
25
31
27
13
20
33
19
28
39
19
20
33
26
20
17
47
15
16
34
14
18
14
30
34
28
18
39
16
49
36
18
32
21
34
15
38
30
34
28
18
39
16
30
26
36
38
52