18
15
19
11
9
8
9
20
6
29
19
14
12
14
9
10
6
5
20
14
5
13
28
6
10
8
9
6
18
23
18
16
8
23
17
6
25
15
16
20
4
11
10
4
11
4
43
19
10
3
3
4
11
20
6
9
10
11
11
10
35
21
15
44
31
12
21
14
16
7
25
24
9
25
12
16
20
15
6
14
27
12
17
13
4
15
21
23
17
4
5
14
25
5
38
17
30
27
16
33
24
14
37
36
27
29
33
27
37
16
28
28
25
32
26
17
28
16
31
13
25
3
37
19
11
20
26
34
7
17
8
30
31
20
11
25
46
28
13
32
17
23
32
21
9
22
37
28
8
27
12
20
11
41
54
39
31
19
40
36
14
18
24
26
20
19
11
7
38
24
25
31
41
15
38
16
30
21
23
12
17
12
17
27
11
33
16
29
18
6
15
27
16
7
7
26
29
30
13
13
29
19
17
29
19
19
24
29
7
22
24
18
31
39
16
25
36
34
18
9
15
28
15
20
22
21
41
9
26
26
17
29
23
13
32
43
43
25
32
32
29
10
31
36
11
22
27
11
36
25
22
17
15
22
11
17
30
31
44
42
25
8
33
24
36
21
30
13
39
35
40
36
32
31
25
21
10
24
19
29
20
23
29
25
45
15
33
27
13
44
41
41
6
36
24
17
22
24
26
21
25
24
27
19
19
28
35
36
27
6
29
44
20
14
4
31
17
43
31
11
5
20
12
20
24
36
40
23
14
44
26
13
27
19
46
30
17
33
23
6
35
26
42
42
28
18
18
17
23
30
16
28
26
14
12
18
33
42
32
12
43
31
31
23
25
10
24
36
21
18
47
16
35
41
31
39
14
27
21
30
28
16
17
12
35
35
22
11
22
22
16
22
36
22
8
39
29
33
38
31
28
27
26
20
23
14
35
33
22
11
27
22
34
36
36
36
16
15
16
18
8
4
31
24
25
9
21
22
36
27
28
25
4
16
52
59
30
31
20
22
39
26
22
15
26
47
16
18
25
17
11
15
39
30
22
13
19
15
15
34
5
7
18
22
16
9
12
26
6
22
27
7
8
23
18
4
48
32
32
14
28
8
35
20
19
48
7
45
8
8
15
24
15
15
21
18
25
30
27
16
20
14
13
12
12
25
5
5
7
4
5
2
8
4
19
5
13
19
9
20
19
22
33
17
17
27
26
14
23
12
10
7
6
9
19
18
9
39
31
11
19
11
32
11
11
28
33
13
8
10
21
1
27
19
21
6
13
37
9
18
5
19
26
39
21
13
32
13
15
34
16
48
30
34
22
13
40
26
50
16
13
26
20
33
18
16
11
31
33
18
26
30
45
18
21
22
28
12
22
12
17
17
105
26
13
49
16
5
14
6
24
35
40
22
7
13
14
18
22
35
49
37
29
36
18
19
45
36
10
26
15
53
39
19
33
38
35
56
0
18
47
16
32
33
16
12
9
35
13
14
15
27
27
8
6
11
6
13
19
21
19
14
28
4
19
35
22
25
27
15
23
31
9
18
15
3
23
14
21
14
18
7
15
8
14
15
24
21
30
21
14
9
27
23
19
6
20
43
20
27
17
25
16
8
28
16
14
12
22
23
23
13
13
38
14
13
16
24
28
3
10
44
21
36
11
26
22
35
19
27
8
15
9
18
7
17
17
41
24
7
51
44
26
23
28
37
40
25
17
36
9
10
22
36
26
20
34
20
26
5
36
24
15
11
27
23
33
19
28
35
43
17
19
30
12
18
44
32
19
28
7
11
14
24
5
23
18
24
16
29
16
18
16
11
9
9
13
21
18
16
36
12
21
15
32
7
20
23
12
23
26
55
27
7
17
18
24
38
19
40
24
11
8
23
27
4
21
16
41
29
11
37
45
48
25
43
42
21
24
22
56
16
9
27
12
15
39
49
33
46
35
44
29
17
12
33
41
34
11
28
32
30
28
31
30
15
33
21
23
46
11
62
23
27
29
14
40
32
35
12
33
32
28
19
36
26
28
37
21
49
7
24
29
27
16
34
40
6
20
10
5
17
40
46
19
31
40
56
36
35
32
63
33
21
15
22
24
43
40
11
12
19
46
30
23
44
26
15
35
27
18
36
22
12
25
18
27
13
28
24
50
47
24
24
27
18
30
27
22
54
28
24
36
10
28
13
24
19
22
23
24
41
7
8
29
21
4
21
19
39
26
11
20
47
33
18
50
35
29
12
21
20
32
17
28
15
9
20
10
18
40
24
12
14
3
14
13
35
22
7
7
29
15
29
15
26
13
3
29
13
28
29
9
33
25
24
36
6
21
8
38
21
23
17
18
48
25
30
22
42
19
8
13
26
38
34
18
18
23
24
17
3
27
33
14
15
14
37
19
23
36
24
33
24
42
11
23
42
31
24
23
26
31
13
30
9
15
13
18
4
39
31
18
33
19
28
26
24
4
20
30
28
11
20
7
24
3
28
46
15
36
18
21
20
26
28
28
23
22
19
30
27
26
15
29
18
19
26
26
14
16
36
40
34
21
12
15
13
7
18
2
34
51
23
16
21
2
30
49
26
15
23
27
35
32
13
32
29
16
28
24
12
37
10
37
10
3
25
10
29
21
25
58
65
6
18
25
24
16
12
30
23
35
17
19
28
8
22
8
5
15
31
11
26
23
16
41
40
31
19
17
34
21
24
22
2
25
26
25
18
19
25
9
28
33
26
27
36
34
2
29
28
28
25
19
28
23
17
23
18
22
20
38
16
20
14
33
14
15
27
26
33
33
25
27
13
25
11
3
23
30
21
32
17
17
37
27
29
13
17
18
15
19
2
9
24
8
20
13
32
18
10
28
33
30
41
8
12
11
35
12
32
30
16
36
17
31
12
21
32
25
55
12
12
26
21
16
3
16
28
7
29
22
37
44
14
27
31
18
10
16
3
13
22
28
31
4
14
28
18
13
13
32
42
21
3
25
73
20
38
19
48
30
12
24
19
25
16
37
29
33
21
27
4
38
23
48
52
28
20
50
12
28
30
12
22
19
36
21
3
19
36
10
25
10
31
49
12
3
16
22
15
62
24
20
43
24
4
19
18
46
24
36
26
25
18
30
30
18
22
2
32
31
22
23
9
26
22
20
11
12
18
23
26
24
31
32
19
38
27
29
47
39
9
15
44
18
25
48
10
41
34
25
50
19
18
6
38
20
28
15
19
13
18
5
27
39
8
18
40
37
8
23
24
32
28
23
47
22
10
30
50
11
21
2
31
15
41
17
4
21
17
11
21
29
31
4
36
23
27
43
47
52
20
17
19
31
10
31
22
30
9
3
32
8
15
12
3
25
40
48
18
29
40
13
19
40
25
22
20
35
38
29
10
15
8
35
42
18
21
13
15
33
18
28
32
26
34
32
41
40
5
23
12
36
25
24
33
40
41
32
23
40
37
18
53
12
16
25
15
23
20
25
35
31
29
11
16
32
52
15
24
16
30
19
2
24
2
25
27
44
9
22
32
21
21
34
24
22
9
35
9
32
24
24
37
32
15
14
24
25
15
31
22
45
23
18
40
21
26
24
34
8
23
38
4
39
32
14
19
30
28
14
22
21
17
20
7
21
6
33
22
32
47
26
21
27
8
27
34
35
27
16
36
42
19
33
59
15
17
26
25
27
36
22
12
31
43
43
38
33
26
31
31
32
9
30
27
29
22
39
22
16
37
8
20
25
36
17
13
15
22
38
13
10
37
11
30
41
29
8
23
68
9
28
10
10
3
17
38
8
4
12
24
38
16
21
28
19
26
36
50
13
51
19
18
39
48
9
33
21
24
23
27
13
26
43
24
10
20
16
14
24
24
24
25
21
30
29
16
26
13
34
28
13
26
9
19
32
52
7
41
32
22
14
9
29
14
8
12
28
21
19
20
5
25
13
17
33
13
15
6
31
14
19
34
22
39
13
41
11
18
39
47
40
38
16
49
16
11
21
11
32
13
24
15
17
17
24
17
28
29
29
8
22
23
23
28
15
10
22
37
22
9
20
14
22
17
8
8
15
6
18
12
31
43
21
29
11
33
27
35
15
20
47
18
8
21
29
28
11
11
36
19
15
40
25
21
42
22
14
22
11
14
32
31
30
22
10
25
12
22
9
60
24
39
22
30
27
39
3
26
25
27
7
19
9
31
11
10
30
39
10
19
11
18
18
25
19
30
48
18
14
11
20
32
27
34
33
15
2
30
16
16
17
21
18
16
24
3
25
23
18
23
27
30
24
35
3
26
29
30
35
5
29
18
26
15
20
39
38
35
27
36
13
27
15
19
30
10
15
26
24
16
18
7
14
20
8
18
13
22
20
23
22
28
10
14
22
22
11
18
17
26
25
26
26
6
19
11
17
13
4
17
38
42
6
25
27
20
32
2
28
31
49
14
19
8
31
17
14
26
16
9
28
16
29
20
22
23
30
2
17
13
17
17
21
26
28
24
33
26
29
25
24
30
7
32
21
23
21
30
14
3
34
37
39
30
24
46
10
24
44
7
36
47
16
32
14
26
33
27
16
29
26
29
22
16
11
47
41
24
27
25
20
7
9
25
27
14
16
2
31
36
10
14
12
22
39
2
17
19
27
30
28
12
26
11
10
36
18
29
40
40
16
23
29
19
41
12
27
21
21
27
18
22
28
16
10
23
24
31
32
30
25
31
23
11
24
28
20
21
32
18
34
18
29
21
16
33
23
17
52
18
37
37
30
67
31
29
32
32
34
18
18
31
38
22
36
26
30
23
18
29
30
32
34
48
31
22
10
18
28
19
14
9
13
16
19
55
24
26
15
21
28
12
40
17
24
27
11
10
31
18
26
17
19
21
22
17
37
30
35
30
15
9
37
21
32
25
35
15
27
17
22
18
13
9
3
37
12
28
26
12
29
26
27
12
23
11
31
13
34
15
10
27
24
29
22
17
29
22
4
29
28
12
4
26
26
45
6
9
18
40
11
23
11
30
3
24
25
35
31
29
15
28
8
20
35
37
34
28
31
21
22
35
26
18
18
30
14
55
27
33
32
27
13
30
17
7
26
22
43
14
29
3
14
36
24
11
23
21
12
13
18
3
20
35
10
32
25
15
8
29
23
34
27
29
13
27
41
28
16
9
34
19
12
11
11
5
9
7
8
22
17
3
34
31
12
57
33
12
31
45
32
28
21
17
4
24
36
16
22
3
23
35
28
16
24
3
32
31
25
41
27
19
17
26
42
16
39
26
22
15
30
25
41
46
42
20
28
31
8
20
29
35
12
14
27
3
25
18
19
4
14
14
26
33
34
21
12
29
28
38
47
11
18
14
8
21
22
11
24
20
18
24
37
15
15
28
25
11
16
7
38
23
20
5
25
21
36
31
17
8
21
35
26
17
35
19
35
8
28
32
32
27
35
33
51
39
31
9
26
23
39
26
28
35
8
57
28
44
40
8
27
23
6
18
36
8
35
17
18
15
21
26
23
46
56
11
28
23
32
12
15
15
26
22
20
33
12
30
12
25
24
37
29
22
23
45
13
31
14
25
20
25
20
17
28
36
21
23
11
21
41
11
20
44
44
45
23
38
47
13
40
38
50
8
28
25
43
32
19
6
29
15
30
45
51
23
17
19
30
30
18
18
17
22
36
37
35
30
36
37
28
39
32
32
13
36
16
48
19
20
13
18
27
37
23
9
18
27
14
19
7
23
21
16
16
40
30
6
27
31
19
31
18
40
10
19
27
16
8
15
27
6
18
17
29
4
26
20
26
19
11
17
17
23
47
37
12
29
24
16
19
31
43
18
30
21
12
38
12
43
20
18
44
21
27
35
28
35
11
22
26
34
28
30
19
25
29
11
18
39
22
45
36
23
33
35
17
10
4
29
29
32
20
21
63
22
45
17
40
16
14
37
38
41
22
43
45
36
37
48
34
32
34
33
17
14
35
42
17
29
19
23
24
17
12
23
31
25
20
27
12
17
28
42
12
3
21
35
25
20
31
23
43
26
18
13
18
23
26
24
33
33
12
8
55
2
16
34
19
14
8
20
7
15
17
12
20
12
26
18
4
12
20
24