20
21
25
30
9
16
29
28
20
18
11
18
21
12
21
12
17
20
24
24
24
29
10
35
9
5
23
28
11
13
3
34
25
30
29
33
31
16
37
22
10
14
20
25
39
26
24
18
22
23
23
16
19
21
13
32
11
41
27
27
29
8
26
28
17
27
17
24
29
18
44
7
33
15
24
10
16
29
33
20
26
29
15
22
36
23
21
17
11
4
17
22
27
28
35
35
35
28
20
34
28
22
20
16
29
12
32
20
26
6
4
16
22
22
20
22
25
21
48
21
28
26
19
21
23
26
5
13
19
20
16
24
25
30
4
25
8
24
30
21
21
31
22
26
47
28
40
10
14
28
25
26
12
14
17
27
24
34
37
38
29
9
18
18
42
34
40
26
35
20
44
63
35
34
32
56
39
27
22
29
16
42
33
29
30
10
50
31
39
46
32
35
6
29
32
36
12
26
13
11
35
39
15
43
31
29
22
16
11
19
36
38
19
32
49
34
21
32
13
25
17
22
50
24
40
27
48
2
34
20
32
27
15
38
11
43
45
14
23
13
26
28
38
22
46
23
5
22
18
9
26
35
33
46
13
33
19
50
32
36
32
26
48
43
21
52
22
13
11
26
15
27
35
20
21