[[9]]
[[3], [15]]
[[16]]
[[5]]
[[5]]
[]
[[9]]
[[17], [20]]
[]
[[9]]
[[5], [14], [19]]
[[2], [9], [13]]
[]
[[4], [13]]
[[8]]
[[10]]
[[3]]
[[6]]
[[2], [6], [16]]
[[2], [9]]
[[2]]
[]
[[10], [15], [18, 19], [28]]
[]
[[3], [6, 7]]
[]
[]
[]
[[13], [18], [20, 21]]
[[2], [8, 9], [13], [20]]
[[19, 20]]
[[3], [7], [14], [16]]
[]
[[9], [23]]
[[10]]
[]
[[10], [24]]
[[10]]
[[15]]
[[5], [7]]
[[3]]
[[6], [8]]
[[8], [11, 12]]
[[4]]
[[5]]
[]
[[5], [14], [18], [41]]
[[7], [12], [17]]
[]
[]
[]
[]
[]
[[3], [5], [14], [16, 17]]
[[6, 7]]
[[3, 4, 5], [8, 9, 10]]
[[4], [8]]
[]
[[5]]
[[4]]
[[3], [27], [29]]
[[10], [17]]
[[8, 9, 10], [13]]
[[7], [15], [17], [43]]
[[6], [9], [19], [24]]
[[7], [12]]
[[3], [6], [25]]
[]
[[2], [8], [10], [12]]
[[8]]
[[12], [14], [22]]
[[9], [12]]
[]
[]
[]
[[5], [12]]
[[9, 10], [18]]
[[6, 7, 8], [18]]
[]
[]
[[14], [18]]
[[6]]
[[8], [16]]
[[8]]
[]
[]
[]
[[9], [15]]
[[5], [9], [12]]
[[2]]
[[3]]
[[5], [9]]
[[5], [16]]
[]
[[7], [21], [27], [29], [34], [36], [42]]
[[8], [11], [13, 14], [18]]
[[5], [10], [28]]
[[9], [13], [24]]
[[4], [14], [16]]
[[4], [17], [23]]
[[3, 4], [10], [12]]
[[5], [14]]
[[7, 8], [12], [26], [32], [39]]
[[15], [24], [27, 28], [36]]
[[2], [13], [21], [24]]
[[2], [4], [13], [16], [21], [29]]
[[3, 4], [6], [15], [19], [28], [32]]
[[2], [4], [7], [22]]
[[7], [14, 15], [18], [21, 22], [33], [36]]
[[3], [19]]
[[10], [17], [20, 21]]
[[18], [20], [27], [32]]
[[3], [10], [17]]
[[6], [16], [31]]
[[2], [11], [22], [26, 27]]
[[5], [15], [17]]
[[7], [17, 18, 19], [28]]
[[14]]
[[3], [5], [12]]
[[5], [10], [13]]
[[16], [25]]
[[2, 3]]
[[6], [12, 13, 14], [26], [30], [33]]
[[5]]
[[3], [11]]
[[12], [15, 16, 17], [25]]
[[3], [15], [18, 19], [23]]
[[5], [11], [23], [26]]
[[7]]
[[9], [14]]
[[8]]
[[7], [20], [30, 31]]
[[6], [19, 20], [39]]
[[5], [20]]
[[4]]
[[15], [23], [26]]
[[3], [10], [12], [16], [24], [30]]
[[5], [9], [15], [22], [24], [27]]
[[5, 6], [17]]
[[5], [7], [20], [27], [30]]
[[2], [13, 14]]
[[10], [14], [20]]
[[5], [29]]
[[2, 3, 4], [6], [8, 9, 10], [13]]
[[2]]
[[14], [26, 27], [31]]
[[2], [19], [36]]
[[17], [20]]
[[2]]
[[12], [15]]
[[2], [4], [8]]
[[2], [6, 7], [12, 13, 14, 15], [18]]
[[2]]
[[4], [11], [23], [29], [34], [36]]
[[3], [10], [18], [20], [25], [28], [31], [34], [39], [49, 50]]
[[6], [22], [28], [39]]
[[3], [8], [12], [25, 26, 27], [32]]
[[9]]
[[6], [10], [12], [21]]
[[4], [14], [18], [38]]
[[3], [13]]
[[4], [13], [19]]
[[14], [26]]
[[2], [4, 5], [8], [12], [22]]
[[4], [10], [22]]
[]
[]
[]
[[32], [37]]
[[8], [11], [13]]
[[14], [21], [25]]
[[5], [14], [21], [24], [26]]
[[3], [5], [7], [17], [21], [33], [42]]
[[2], [8, 9]]
[[1], [17], [24], [38], [40, 41, 42]]
[[2], [8]]
[[11], [16], [20], [22]]
[[9], [23, 24], [26]]
[[8], [11]]
[[7]]
[[9]]
[[7]]
[[3]]
[[3], [5, 6], [10], [18, 19], [32]]
[[4], [9]]
[[13], [16], [33], [37]]
[[7], [9], [21]]
[[8, 9], [20]]
[[2], [4], [8]]
[]
[[3], [7], [9, 10], [14, 15]]
[[5], [7], [9], [24, 25], [31]]
[[3], [15]]
[[4]]
[[3, 4]]
[[14], [27], [29]]
[[8], [12], [23]]
[[8], [13], [17]]
[[9], [17]]
[[3], [11, 12, 13]]
[[5], [7, 8], [19], [28]]
[[20]]
[[3]]
[[15]]
[[4], [12]]
[[5], [21]]
[[7], [10]]
[[24], [30], [34]]
[[4], [7]]
[[13], [22]]
[[6], [10], [20], [25]]
[[3], [7], [15, 16]]
[[8], [11], [28, 29]]
[[11], [17], [21], [24], [31]]
[[3], [6], [12]]
[[5], [20], [24, 25]]
[[8], [25], [29]]
[[11], [13], [19], [25]]
[[2, 3], [13, 14]]
[[3], [5], [9]]
[[6], [10]]
[[6, 7, 8], [22], [30]]
[[9], [11]]
[[15], [17]]
[[6], [26]]
[[4], [6], [12]]
[[1], [15], [25], [29]]
[[3], [5], [10]]
[[5], [7], [12], [15], [27]]
[[5], [8], [27]]
[[8]]
[[3], [9], [11], [32, 33, 34, 35]]
[[4], [15]]
[[2], [7], [13]]
[[7], [16], [21], [27]]
[[10], [23], [32], [42]]
[[8], [11], [14]]
[[8], [19], [25], [27]]
[]
[[13], [24], [36]]
[[2], [11], [31]]
[[5]]
[[4], [22], [32]]
[[12], [17], [31]]
[[3]]
[[6], [11], [15]]
[[12], [16], [24]]
[[6]]
[[13], [17], [22], [26], [41]]
[[2], [7], [20]]
[[3], [27]]
[[4], [14, 15]]
[[2], [7], [14]]
[[8], [14], [19]]
[[5], [8]]
[[7], [12], [18]]
[[6], [24], [31]]
[[12], [17, 18]]
[[19], [23], [27], [36], [38, 39]]
[[23], [26], [37], [39]]
[[5], [17]]
[[8]]
[[6], [37]]
[[12], [16], [21], [25]]
[[4], [7], [20], [25], [32]]
[[7, 8, 9]]
[[20], [26]]
[[3], [5], [10], [13]]
[[9], [27], [30], [38], [41]]
[[10], [13], [20], [26], [33], [37]]
[[2], [4], [16], [20], [40], [42]]
[[7], [10], [15], [27]]
[[5], [8], [13], [19]]
[[4, 5], [9], [11], [14], [29]]
[[7]]
[[4], [6], [14, 15]]
[[9]]
[[8], [10]]
[[12], [19]]
[[23], [26]]
[[19], [23]]
[[6, 7], [10, 11, 12], [14]]
[[25]]
[[4], [17]]
[[11], [14, 15], [29], [44], [49]]
[[4]]
[[13]]
[[11], [14, 15]]
[]
[[13], [20], [29], [31], [36], [38]]
[[4], [17], [25], [27], [29], [32], [37]]
[[9], [20], [24], [30], [36, 37, 38]]
[]
[[6], [25], [29, 30], [37], [40]]
[[13], [16], [19], [21], [27], [29]]
[[2]]
[[6], [14], [23]]
[[4], [7, 8, 9], [20], [22], [25]]
[[6], [8], [19], [23], [32]]
[[2], [7], [23]]
[[6], [8], [10], [12], [18], [25], [28]]
[[4], [19]]
[[3, 4], [6], [8], [16], [19], [28]]
[[6]]
[[3, 4, 5], [17]]
[[2], [4], [21], [24, 25]]
[[16], [20], [26]]
[[7], [12], [14], [22], [24]]
[[2, 3], [7], [17], [27, 28]]
[[3, 4], [7]]
[[5], [8], [21]]
[[2], [4], [16], [40], [46]]
[[5], [14], [16], [22]]
[[5]]
[]
[[20], [31], [33]]
[[13]]
[[17], [24, 25, 26], [31]]
[[4], [11], [16, 17], [25], [27]]
[[4]]
[[3]]
[[17], [20]]
[[4], [6]]
[[3], [20]]
[[24]]
[[5, 6], [8], [10], [17], [22]]
[[5], [8], [17], [22], [27], [30], [41]]
[[4], [12], [28], [30]]
[[7], [13]]
[[6], [17], [19]]
[[6, 7], [10], [13]]
[[5], [10]]
[[9], [11]]
[[8], [12, 13, 14]]
[[14], [17], [25], [27], [36]]
[[6], [11], [13]]
[[6], [19]]
[[4], [6], [12], [26], [33]]
[[5], [7], [19]]
[]
[[9], [16], [18], [26], [34]]
[[7], [15], [17], [29]]
[[7], [11], [24], [45]]
[[4], [12], [21], [29], [41]]
[[7], [9], [17], [29]]
[[6], [14, 15], [18]]
[[4], [13]]
[[4], [6], [12], [16]]
[[17], [20], [22]]
[[15], [17], [30]]
[[4]]
[[8], [15], [20, 21], [30]]
[[7], [21, 22]]
[[6], [12]]
[[3]]
[[7], [16]]
[[6], [26], [28], [34]]
[[4], [10], [13], [17, 18, 19], [21, 22], [40]]
[[23], [31], [38]]
[[4], [7]]
[[16], [26], [31], [37], [39], [50]]
[[20, 21], [34]]
[[3], [11], [35]]
[[5], [24]]
[]
[[6, 7], [9]]
[[9], [13, 14], [18]]
[[10], [18], [21], [28], [30], [33]]
[[5, 6], [14], [20]]
[[2]]
[[17], [23], [35], [37], [45]]
[[9], [19]]
[[5], [14], [18], [20], [30]]
[[3], [9], [23], [31]]
[[4], [6], [11], [19], [21]]
[[5], [16], [19]]
[[3]]
[[4], [20], [23, 24, 25]]
[[6], [20]]
[[10], [26]]
[[19], [24]]
[[2], [5], [7]]
[[11, 12]]
[[6]]
[[5], [9], [13], [19], [29, 30, 31], [35]]
[[14], [20], [24], [26]]
[[3], [7], [17], [20]]
[[2], [4, 5], [12, 13]]
[[13]]
[]
[[3], [6], [8], [17]]
[[6, 7], [9]]
[[3], [9], [15], [20], [29], [34]]
[]
[]
[[10], [28], [31]]
[[7], [10], [28], [30]]
[[2, 3], [8], [25], [27], [32], [34]]
[[6], [26], [35], [38]]
[[2]]
[[2], [29]]
[[8, 9, 10, 11], [19], [21], [25], [29]]
[[7], [12]]
[[7], [11], [21]]
[[2], [10], [15], [21]]
[]
[[6], [14], [16], [20], [22]]
[[14], [16], [20], [31]]
[[15], [17], [23]]
[[2], [6], [11]]
[[11]]
[[1, 2], [14], [16]]
[]
[[6], [20], [22, 23], [30], [32], [40]]
[[10], [18]]
[[10], [17], [24], [30]]
[[8]]
[[2], [8]]
[[3], [11]]
[[6], [14]]
[[2]]
[]
[[22], [28], [34]]
[[18]]
[[9]]
[[4]]
[[10]]
[[2]]
[[13], [30]]
[[3], [9], [25]]
[[10], [21]]
[[3], [13], [23], [26]]
[]
[[5], [12]]
[[3], [15], [29], [34], [38], [44]]
[[13], [18], [22], [34], [54], [58]]
[[18], [32]]
[[8], [21, 22, 23], [25]]
[[4], [11], [19]]
[[9], [11], [21], [23]]
[[6], [17], [20], [37]]
[[12], [19, 20, 21], [23], [25]]
[[3], [10], [14, 15]]
[[4], [6]]
[[15]]
[[4], [40], [48]]
[[3], [11], [13]]
[[6, 7]]
[[8], [10], [18, 19], [21]]
[[4], [17]]
[[7], [11]]
[[14]]
[[21], [46]]
[[8], [15], [22], [32]]
[[3], [6], [14, 15]]
[[6], [8], [10], [15]]
[[5], [14], [16]]
[]
[[7], [14]]
[[7], [16], [25], [27]]
[]
[]
[[5, 6], [17]]
[[2], [16, 17, 18]]
[[6], [10]]
[[7, 8, 9]]
[[10]]
[[3], [20]]
[]
[[12, 13, 14, 15], [20], [24]]
[[2], [17, 18]]
[]
[[2], [6]]
[[4], [6]]
[[3], [6], [10], [15]]
[]
[[4, 5], [10], [16], [24], [32], [36], [38], [49, 50]]
[[3], [6], [9], [14], [16], [24], [26]]
[[14], [23], [26], [30], [33]]
[[6], [8], [11]]
[[6, 7], [10], [18], [22]]
[[4], [6]]
[[3], [7], [16]]
[[7], [14]]
[[5], [8], [12], [14], [18]]
[[8], [10, 11], [20], [26], [30], [42]]
[[5, 6]]
[[16, 17], [19], [32], [43], [46]]
[]
[]
[[2], [5], [9], [15, 16]]
[[4], [21], [26]]
[[3], [8]]
[[4], [6]]
[[10], [12]]
[[5], [7], [9]]
[[7], [15], [24, 25, 26]]
[[5], [8], [14], [30]]
[[4], [27]]
[[4], [15], [17]]
[[12]]
[[6]]
[[3]]
[[2]]
[]
[[4], [9], [19], [29]]
[]
[]
[[4]]
[[4]]
[]
[]
[[4]]
[[4]]
[[11], [15]]
[]
[[9], [13]]
[[4], [15], [19]]
[[6]]
[[3], [9], [11], [13], [18]]
[[5], [19]]
[[3], [9], [14]]
[[6], [26]]
[[5], [11]]
[]
[[5], [12], [19], [27]]
[[3, 4, 5], [19]]
[[10], [15]]
[[4], [6], [18], [24]]
[[4], [7], [12]]
[[5], [7], [10]]
[[5]]
[]
[]
[[3], [7], [9]]
[[3], [6], [14]]
[]
[[11], [16], [18], [25], [42]]
[[12], [31]]
[[6]]
[]
[[11]]
[[10], [13]]
[[2], [4], [11]]
[[3], [12]]
[[24], [26], [29]]
[[9], [11], [18], [22], [27]]
[[5], [13]]
[[6, 7, 8]]
[[4], [11]]
[[8]]
[]
[[3], [7, 8, 9], [29]]
[[4], [11]]
[[7], [18]]
[[6]]
[[8], [14]]
[[4], [9], [16], [18]]
[[5], [7], [9]]
[[8], [14]]
[[2]]
[[3], [9], [11], [13]]
[[14], [24]]
[[5], [17], [30, 31, 32], [34, 35, 36], [42, 43, 44]]
[[6], [9], [24]]
[]
[[6], [17]]
[[2], [6], [9]]
[[13]]
[[3], [15], [17], [20], [30]]
[[3], [6], [11]]
[[7], [11], [15], [24], [30, 31], [37], [41], [48], [50]]
[[2], [4], [23]]
[[15], [18]]
[[3], [14]]
[]
[[4, 5, 6], [12], [25], [28], [30], [37, 38]]
[[6], [8], [11], [13], [23]]
[[2], [7], [19], [48]]
[[5]]
[]
[[6], [14], [21, 22], [27]]
[[15]]
[[4, 5, 6, 7, 8], [20], [27], [30, 31]]
[[9], [16]]
[]
[[3], [10]]
[[3], [6], [10], [16]]
[]
[[7], [14]]
[[3], [14]]
[[4], [15], [19], [27]]
[[3], [12], [31], [33], [36], [45]]
[[12]]
[[6], [24]]
[[6], [16], [18]]
[[3], [10]]
[[6]]
[[9]]
[[3], [6]]
[]
[]
[[56], [75], [95]]
[[15], [19], [21, 22, 23]]
[[7, 8, 9], [13], [16]]
[[9], [13], [21], [25], [30], [37], [39], [51, 52, 53, 54, 55]]
[[3], [5, 6], [10], [19]]
[]
[[6], [9], [12]]
[[2]]
[[3], [11], [29], [35]]
[[9], [20], [29], [38]]
[[3], [35], [37], [40], [45], [48]]
[[3], [7], [13], [21]]
[[3], [5]]
[[12, 13]]
[[6], [11, 12]]
[[4], [9], [13], [18]]
[[3], [14]]
[[5], [19], [27], [33]]
[[14, 15, 16], [20, 21, 22], [42], [45], [47], [50]]
[[5], [8], [20], [25], [34]]
[[11]]
[[1], [18], [26], [33]]
[[5], [7], [18]]
[[5], [11], [19]]
[[8], [12], [16], [22, 23, 24, 25], [28], [39], [41], [48]]
[[7], [9], [16], [19], [24]]
[[5], [10, 11, 12]]
[[7], [13], [23]]
[[8], [15]]
[[5], [18], [32, 33], [39, 40, 41], [43]]
[[10]]
[]
[]
[[7], [23], [35]]
[[5], [11]]
[[6], [10]]
[]
[[12], [16]]
[[5], [9], [14], [16], [49]]
[[6], [12]]
[[3], [14], [20, 21], [30]]
[[7], [14]]
[[11]]
[[6], [9], [12]]
[]
[[9], [14], [16, 17, 18], [23], [28]]
[[3], [11]]
[[4], [6]]
[[7], [13], [15]]
[[10], [14], [16], [19], [26]]
[[2], [5], [8], [11], [23], [28]]
[]
[[7]]
[[6]]
[[3]]
[[2]]
[[5], [18]]
[[9], [18]]
[]
[[4]]
[[12], [21]]
[[1], [3]]
[[15]]
[[4, 5, 6], [17], [20], [27], [29]]
[]
[[3], [13]]
[[1], [8], [10], [18], [23]]
[[8]]
[[12], [19]]
[[3], [8], [17], [20], [22]]
[]
[[8]]
[[6]]
[]
[[1], [6], [9], [22]]
[[15]]
[[4], [16]]
[[2], [4], [14]]
[[7], [9, 10, 11]]
[]
[[5], [10], [12], [16, 17]]
[[12]]
[[2], [7], [11]]
[[3], [6], [11]]
[[14, 15], [20]]
[[4], [8], [10], [15], [19]]
[[12], [22], [28]]
[[18]]
[[3], [7], [11]]
[[12]]
[[6], [20], [27]]
[[2], [6], [11], [13], [17], [19]]
[[6], [10], [12]]
[[6]]
[[7], [21]]
[[5], [17], [28], [33, 34, 35], [39]]
[[2], [4, 5], [10]]
[[14], [20], [25]]
[[16]]
[[4], [11], [20]]
[[7]]
[[8]]
[]
[]
[]
[]
[[13], [20]]
[[3], [15], [19]]
[[9], [12], [16]]
[[12]]
[[10]]
[[17]]
[[4], [16]]
[[7]]
[[15], [20]]
[[4], [6], [17]]
[]
[]
[]
[[4], [15], [31], [37], [43], [45, 46]]
[[4], [14]]
[[3], [12], [14], [22], [29], [31], [34]]
[[3]]
[[2], [5], [10], [24]]
[[5], [9], [20]]
[[10], [18], [29]]
[[1]]
[]
[]
[]
[[3]]
[[9]]
[[6]]
[[7], [16]]
[[4], [6], [8], [13], [15]]
[[9], [11], [21], [35], [37], [41]]
[[9], [14], [17], [19], [24]]
[]
[[9], [22], [30], [39], [45], [56]]
[[5], [18, 19], [35], [48]]
[[28]]
[[6], [8], [15, 16, 17], [24]]
[[5], [19], [24], [26], [31]]
[[6], [9], [20], [24, 25], [32], [39], [41]]
[[6], [12], [20], [24]]
[[3], [8, 9], [20, 21]]
[[4], [11], [18]]
[[5], [12, 13], [17], [20], [34], [38]]
[[2], [6]]
[[3], [8]]
[[4], [14], [24]]
[[15], [23], [27], [36], [39]]
[[4], [8, 9], [21, 22], [30]]
[[2], [14], [16]]
[[8], [15], [26], [30, 31]]
[[8], [10], [14], [18]]
[[3], [5], [8], [22]]
[]
[[3], [10], [24], [32]]
[[4], [10], [13]]
[[6], [10]]
[]
[[20]]
[[5], [7]]
[[23], [27], [34]]
[[5], [7], [9]]
[[5], [9], [20], [29]]
[[4], [12], [16], [18], [25]]
[[5], [11], [15]]
[[11]]
[[11]]
[[7]]
[[4], [10]]
[[2]]
[[7], [15], [21], [42], [44]]
[[5], [19], [28], [30]]
[[6], [8], [13], [17]]
[[4], [10], [16], [20], [22], [25]]
[]
[]
[]
[[2], [5]]
[]
[[10]]
[[4], [8]]
[]
[]
[[6], [14], [25], [27], [29]]
[[2], [12], [18]]
[[4], [8], [18]]
[[9]]
[[6], [8], [10]]
[[3], [6]]
[[6], [9]]
[[2], [4]]
[[2], [11]]
[[13]]
[[6], [11, 12]]
[[5], [24], [28]]
[[11]]
[[7], [9]]
[[6]]
[[2], [6], [24], [26, 27, 28], [31]]
[]
[[5], [8], [10]]
[]
[]
[[5]]
[[3], [6], [13], [15], [26], [28]]
[[12], [15], [23], [30], [42], [51], [55]]
[[9], [18], [20], [26]]
[[7]]
[]
[]
[[18], [31]]
[[29], [34], [40]]
[[10]]
[[6], [8], [10], [41]]
[[3], [14]]
[[3]]
[[6]]
[[9], [21], [24, 25]]
[[5], [13], [18], [21], [23]]
[]
[[8], [11], [22]]
[[9]]
[[4], [19], [23], [25], [30], [36], [38], [41]]
[[4], [7], [22]]
[[4], [8, 9]]
[[10], [14], [19], [21], [29], [33], [37], [40]]
[[8], [10], [14], [17], [20], [22], [24], [29], [37, 38]]
[[3], [5, 6], [11, 12], [17], [21], [23], [30], [38], [45], [48]]
[[6], [9, 10], [12], [20], [23]]
[[5], [14], [21], [25, 26, 27], [32], [36], [47, 48]]
[[7], [17], [21, 22], [36], [38]]
[[6], [19, 20], [25], [28]]
[[4], [6], [12], [15, 16, 17], [21], [23]]
[[3], [8], [11], [18], [22]]
[[5], [36], [39], [43], [49], [57]]
[[3], [9], [12, 13, 14], [16]]
[[3]]
[[2, 3], [7], [17], [27], [29, 30]]
[[12]]
[[7], [11]]
[]
[[9]]
[]
[]
[[6], [10], [14, 15, 16], [19], [25], [27], [30]]
[[6], [8], [13], [16], [20], [25], [29], [39]]
[[5], [7, 8, 9], [14], [19], [21], [28]]
[[2], [4], [6]]
[[5], [12], [14]]
[[6], [15, 16], [18], [26], [30]]
[]
[[7], [12], [22], [25], [27], [33]]
[[7], [9]]
[[6], [12], [17], [19], [25]]
[[5], [23], [30]]
[[24], [26], [29], [33]]
[[11], [28]]
[[7], [9], [21], [26]]
[[10], [20]]
[[3, 4], [11], [14]]
[[4], [8], [12], [21], [28]]
[[10], [16]]
[]
[[36]]
[[7], [9], [12]]
[]
[[8], [23]]
[[22], [29], [31]]
[[3], [15], [21]]
[[4], [15], [17]]
[[9], [11], [21], [25], [31], [42]]
[]
[[24]]
[]
[[8], [10, 11], [25], [28], [34]]
[[3], [9, 10, 11], [24], [34]]
[]
[[3], [8]]
[[8], [18], [22], [28], [30, 31, 32], [37], [40]]
[[9], [13], [15], [22], [24, 25]]
[[8], [12], [18], [20], [23], [27], [29]]
[[7], [35]]
[[10], [18]]
[[6], [11], [24], [41], [43], [48]]
[]
[[6], [14]]
[[21], [27]]
[[9], [23]]
[[6]]
[[3], [13], [15], [18, 19], [24], [33, 34, 35]]
[[4], [14], [25], [31], [40]]
[[5]]
[[1], [17], [20]]
[[3]]
[[5]]
[[5], [9], [14], [16]]
[[14], [18, 19, 20], [29], [37, 38, 39]]
[[7], [15], [40]]
[[4], [9, 10, 11]]
[[5, 6, 7, 8], [12], [20], [27]]
[[3], [7], [9], [41]]
[[9], [16], [29], [36], [46]]
[[8], [10], [12], [15], [23], [25], [35]]
[[24], [36]]
[[2], [5], [10], [14], [24]]
[[6], [28], [32], [36], [39]]
[[11], [15], [20], [28]]
[[3], [7], [11], [21], [23]]
[[12]]
[[6], [15], [19]]
[[3], [5], [9]]
[[6], [16], [29], [40]]
[[2], [5], [8], [12], [16, 17], [27]]
[[4], [6, 7], [11]]
[[2], [7], [13]]
[[6], [13], [17]]
[[6], [14], [21], [25], [33]]
[[12], [14], [16], [22], [25], [30]]
[[21]]
[[9], [23], [26], [34], [40], [43], [46]]
[[8], [12], [15], [26]]
[[6], [18]]
[[15], [18], [28]]
[[9], [13], [16], [24], [27]]
[[9], [17], [20]]
[[2], [4], [24], [27], [37]]
[[15], [23], [25]]
[[4], [12]]
[[15], [23, 24], [26]]
[[4], [6], [9], [16], [18]]
[[4, 5, 6], [9, 10], [12], [20], [23], [28]]
[[4]]
[[2, 3], [11], [17], [19], [31]]
[[2], [14], [18], [20], [23]]
[[2, 3], [10], [17], [21], [26], [36], [40], [48]]
[[9], [12], [15], [23], [26], [33], [39], [49]]
[[5], [7], [19], [22, 23], [26]]
[[2], [10], [21]]
[[7], [10], [22], [25], [32]]
[[10, 11, 12, 13]]
[[6], [13], [21], [28], [33]]
[[6], [10], [18], [27], [29]]
[[2], [11]]
[[4], [10], [21], [29], [40], [42], [46]]
[[8], [11], [16, 17, 18], [20], [25], [33]]
[[3], [7], [22]]
[]
[[3]]
[[7], [12], [15], [26]]
[[9]]
[[17], [20], [24, 25]]
[[3], [5], [8]]
[[13], [19]]
[[14], [16], [19]]
[[9], [23]]
[[3], [10], [13], [19], [32]]
[[4], [7]]
[[8]]
[[14], [16], [26]]
[]
[]
[[1], [3], [5]]
[[6], [8], [10], [12], [14], [16]]
[[4], [8], [12], [25]]
[[2, 3], [9]]
[[6], [11]]
[[4]]
[[4], [8], [10], [20], [23]]
[[10], [12]]
[[7], [16, 17, 18, 19], [25]]
[[11], [17], [48]]
[[16], [27], [30, 31], [41]]
[[7], [9], [11], [14], [16], [26], [28], [32]]
[[13]]
[[3], [5], [19], [21, 22]]
[[4, 5], [20]]
[[3], [19, 20], [27]]
[[10]]
[[14], [22]]
[[2], [8], [10], [16]]
[[2], [5]]
[[3], [11], [13], [15]]
[[11]]
[[2], [8], [10]]
[[27], [36]]
[[2], [4], [17], [19, 20]]
[[5]]
[[2], [5], [10, 11]]
[]
[[1]]
[[6, 7]]
[[20], [22], [32]]
[[10]]
[[4]]
[]
[[1], [7], [13], [19, 20, 21]]
[[7], [15]]
[[3, 4], [8], [25]]
[[5, 6]]
[[11], [19], [21], [29]]
[[9]]
[]
[[1], [3], [5], [30]]
[[17]]
[[2], [7], [17], [21, 22], [27, 28]]
[[11], [22], [28]]
[[2], [4]]
[[19], [22], [27]]
[[5], [14], [22], [26]]
[[4], [19], [21]]
[[22]]
[[2, 3, 4]]
[[2], [9], [12]]
[]
[[4], [10], [26]]
[[3, 4], [7]]
[[2], [14], [18]]
[[5], [7], [10]]
[[10]]
[[4], [7], [12, 16]]
[[10], [15]]
[[8], [10], [22]]
[[11], [16]]
[[5], [35], [46]]
[[3]]
[[2]]
[[3], [5], [10], [13]]
[[7], [14], [20], [24], [26]]
[[5], [8]]
[[9], [16], [24], [28], [33]]
[[4], [9], [12]]
[[6], [13]]
[[3], [6], [14]]
[[9], [12], [25]]
[[7]]
[]
[[1], [3], [9], [16]]
[[14], [16], [18]]
[[3], [7], [9]]
[[7]]
[[6]]
[[18], [28]]
[[4], [7], [12]]
[[7]]
[[6], [8, 9]]
[[3], [10, 11, 12]]
[[15], [26], [28]]
[[11], [22]]
[[2], [31]]
[[3]]
[[2], [10], [19]]
[[13], [23], [39]]
[[26]]
[[16]]
[[5], [11]]
[[9], [22], [26], [28], [32]]
[[6], [14], [23]]
[[7]]
[[8, 9, 10], [19], [25]]
[[3]]
[]
[]
[[8], [15]]
[[6]]
[[13], [15]]
[[3, 4], [25, 26], [32], [34]]
[[8], [10, 11]]
[[2, 3], [11], [15], [20], [24], [32]]
[[14], [20]]
[[5], [7], [9], [12], [14], [17], [20], [27]]
[[2], [6], [19], [24]]
[[7], [9], [19], [21], [28]]
[]
[[1], [3], [11]]
[[2], [30], [32, 33]]
[[20], [29, 30], [33]]
[[9], [11]]
[[14]]
[]
[]
[]
[[1], [11, 12], [14], [32]]
[[6], [24]]
[[4]]
[[14], [19, 20, 21], [36]]
[[5, 6, 7]]
[[8], [14]]
[[5], [9]]
[[4], [9], [19]]
[[28]]
[[2], [17], [22]]
[[4], [17], [27]]
[[11], [13]]
[[9], [19]]
[[3], [7, 8], [22]]
[[26]]
[[5], [14], [20], [26]]
[[4], [6, 7], [10]]
[[17], [21], [24], [29]]
[[5], [8, 9], [11], [15]]
[[11]]
[[30]]
[[9], [17]]
[[10]]
[[12]]
[[27], [39]]
[[6], [8, 9], [13], [34, 35], [39]]
[[3], [10], [12], [29], [31], [35]]
[[2], [22, 23]]
[[3], [6]]
[[5]]
[[3], [5], [8], [13]]
[]
[]
[]
[[1], [7], [26]]
[[12], [16], [31], [33, 34]]
[[5], [11], [14], [23]]
[[2]]
[[3], [7, 8]]
[]
[[1], [3], [5], [11]]
[[8], [11], [31], [50], [57, 58, 59, 60]]
[[6], [9]]
[[8, 9, 10], [17]]
[[6]]
[[9], [11], [13], [31]]
[[18], [21]]
[[10], [13], [16], [20], [37]]
[[12]]
[]
[[7], [27, 28]]
[[4]]
[[16], [21], [23], [26]]
[[3], [15], [21]]
[]
[[2], [4], [6]]
[[2]]
[[8], [11], [32]]
[[2]]
[]
[[1], [3]]
[[2, 3]]
[[8], [26]]
[[4]]
[[5], [18]]
[[2], [15], [39], [41], [54]]
[[20], [65], [71, 72], [78]]
[]
[[11]]
[[15]]
[[4, 5], [23], [25]]
[[2], [11]]
[[12]]
[[7], [14], [17], [22]]
[[12]]
[[31], [36]]
[[3], [8], [11], [14]]
[[4], [15]]
[[4], [9], [11], [14, 15, 16], [23], [25], [28]]
[[6]]
[[3], [5]]
[[4]]
[]
[[1], [3], [5]]
[[7], [19], [21], [23]]
[]
[[7], [9], [21]]
[[13], [16]]
[[4], [10]]
[[3], [7], [12], [17]]
[[16], [27], [34]]
[[12], [19], [33]]
[[6], [16]]
[[3], [12]]
[[12], [19], [29], [40]]
[[4], [8], [17]]
[[7], [11], [13], [19]]
[[4], [21]]
[]
[[1], [4], [15, 16]]
[[7], [15], [27]]
[[3], [19]]
[[2, 3, 4], [9], [11], [20]]
[[5], [19], [21]]
[[7], [9], [17], [19]]
[[5], [7], [9]]
[[7], [21]]
[[10], [13], [30]]
[[2], [4], [6], [21]]
[[13]]
[[13], [28], [40]]
[]
[]
[[1], [4], [22, 23], [25], [31]]
[[5], [11], [16], [19], [28]]
[[5], [8, 9, 10, 11], [27]]
[[17]]
[[8]]
[[4], [16], [18]]
[[4], [14], [20], [23]]
[[7], [10]]
[[24]]
[[5], [14], [20]]
[[10]]
[[16]]
[[6], [10], [14], [20]]
[[6], [13]]
[[3], [11]]
[[5], [7], [14]]
[[18], [22], [27]]
[[5], [7], [15]]
[[10]]
[[12]]
[[5], [11, 12], [19], [21]]
[[7], [9], [13], [18], [20, 21], [23], [42]]
[[4], [15], [24, 25, 26]]
[[9], [25]]
[[2], [17], [19, 20], [36]]
[]
[[4], [16]]
[[9, 10]]
[]
[[1], [5], [10], [12], [14]]
[[6]]
[[1], [16]]
[[4], [11]]
[[5], [8], [17]]
[[1]]
[[3], [7], [9], [26], [36]]
[[6], [21], [31]]
[[3], [8], [27], [30]]
[[9], [13]]
[[4], [10], [14]]
[[5], [15], [18]]
[[3], [11], [15]]
[[4]]
[]
[[1], [9]]
[[11], [26]]
[]
[[9, 10], [24]]
[[2], [4]]
[[7], [11], [27], [33]]
[[8], [23]]
[[2]]
[[3], [5], [14]]
[[10], [12]]
[[15]]
[[2, 3, 4], [6, 7], [14], [33], [41, 42, 43, 44]]
[]
[]
[[1], [5], [11]]
[[9], [11]]
[[2]]
[[6], [17], [19], [22]]
[[2], [23], [34]]
[[4], [7], [11], [18, 19]]
[[10], [12, 13], [28]]
[[13]]
[[8]]
[[2]]
[[12]]
[[8], [16], [23], [26], [35]]
[[12], [19], [27]]
[[23], [26], [45]]
[[4], [8]]
[[2]]
[[3], [6]]
[[5], [10], [14]]
[[3], [9], [18]]
[]
[[1], [4], [6]]
[[2], [7], [22]]
[[2]]
[[24]]
[]
[[18], [22], [27], [32], [34], [36]]
[[11], [13], [15], [17], [35], [38], [41], [51]]
[[9], [11]]
[[15], [18], [23], [26]]
[[4, 5]]
[[5], [8], [13]]
[]
[]
[]
[[1], [3], [5]]
[[3], [5]]
[[2, 3], [18]]
[[13], [27, 28]]
[]
[[1], [6], [8]]
[[8], [10]]
[[2]]
[[5], [8, 9], [11]]
[[5], [7]]
[[3], [14], [22], [25]]
[[8], [19], [30]]
[[3], [11], [14]]
[]
[[1], [3]]
[[7], [17], [19], [35, 36, 37], [57]]
[[8], [20]]
[[11], [40]]
[[3], [19]]
[[18], [21], [59], [64]]
[[19]]
[[4]]
[[7], [14], [16]]
[[14], [17], [19]]
[[2], [8], [23], [33]]
[[4], [8], [10]]
[[12], [18], [34, 35, 36]]
[[13], [26], [33]]
[[11], [17]]
[[8], [15], [21, 22]]
[]
[]
[[1], [3], [9], [11], [17], [20]]
[[3]]
[[5], [10], [46]]
[[4], [6], [25], [31], [34]]
[[4]]
[]
[[3], [5]]
[[5]]
[[13], [15], [17]]
[[5], [8]]
[[6]]
[[10], [13]]
[[4], [9, 10]]
[[6], [8], [10]]
[[6], [15], [17]]
[]
[[1], [4]]
[[25]]
[[2]]
[[6, 7], [17]]
[[3, 4]]
[[18], [20]]
[[17], [22]]
[[2]]
[]
[[1], [3], [9]]
[]
[]
[[38], [40], [61], [63]]
[[3], [7], [13]]
[[6, 7], [9], [19], [21]]
[[17], [49]]
[[2]]
[[2], [4]]
[[7]]
[[6, 7]]
[[6], [31], [33], [42, 43, 44]]
[[10], [12]]
[[4], [10], [12], [31], [40]]
[[8], [10], [16], [24]]
[[7], [10], [30]]
[[8], [17], [19]]
[[13], [21]]
[]
[]
[[15]]
[]
[[1], [3], [5], [12], [15], [22], [26, 27, 28], [32]]
[[7], [21], [23], [30], [32, 33], [35]]
[[10], [16], [21], [28]]
[[5], [15]]
[[3], [9]]
[[13], [15]]
[[6], [9], [17], [28]]
[[8], [10], [12], [17]]
[[3], [5], [7], [11]]
[[2], [4], [6], [9]]
[]
[[12, 13], [24]]
[[15]]
[[3], [5], [7], [24]]
[[6], [15], [21], [26], [28]]
[[4], [6], [13], [16]]
[[21]]
[[8], [28]]
[[10], [22]]
[[7, 8], [14]]
[[5], [15]]
[[4], [7]]
[[3], [7], [11]]
[[5], [14]]
[[3], [5], [11]]
[[9], [11]]
[[4], [23]]
[[15]]
[[2]]
[]
[[8, 9, 10], [13], [15], [32]]
[[14]]
[[3], [9], [32]]
[[2], [8], [13]]
[[3], [5], [10], [13], [15]]
[[6]]
[[5], [10]]
[[9]]
[[3], [8], [12, 13], [22]]
[[3]]
[]
[[7]]
[[7]]
[]
[[1], [22]]
[[3]]
[]
[[13], [15], [17]]
[[11], [38], [41], [43], [47, 48]]
[[9], [46]]
[[6, 7]]
[[5], [8], [11], [16], [23], [25]]
[]
[[5], [16], [29], [39]]
[[5], [19], [22, 23]]
[]
[[20], [24], [68, 69], [72]]
[[3], [17], [25, 26], [29]]
[[3], [8]]
[[7], [10, 11], [14], [18]]
[[17], [19], [25]]
[]
[[4], [15, 16], [18], [20]]
[]
[[1], [4], [7]]
[[4], [12]]
[[7], [10]]
[[12]]
[]
[[1], [3, 4], [24]]
[[7]]
[]
[[12]]
[[6], [13], [26]]
[[4, 5, 6], [34]]
[]
[[1], [4]]
[[2], [13], [20], [22, 23]]
[[3], [5], [7], [9], [13], [25, 26]]
[[9], [19], [21], [33], [40], [43]]
[[11], [16, 17, 18], [25], [32], [41]]
[[9, 10], [14, 15], [17], [19]]
[[4], [10]]
[[5], [9]]
[[4], [6], [16]]
[[12, 13], [19], [23], [31]]
[]
[]
[[6], [13], [15], [25]]
[[11], [15]]
[[2], [4], [6]]
[]
[[1], [27], [34], [36]]
[]
[[3], [6]]
[]
[]
[[1], [3], [5]]
[[2], [12], [14], [20], [23], [26, 27]]
[[4, 5], [35], [39]]
[]
[[2], [7], [16], [18]]
[[11, 12], [22], [24], [36]]
[[2], [8], [13]]
[]
[]
[[4], [19], [21]]
[[8], [11, 12, 13], [26]]
[[15], [29]]
[]
[[13]]
[[19]]
[]
[[5], [12]]
[]
[[7], [10], [25]]
[[16], [36], [42]]
[[2, 3]]
[[4], [11]]
[[5], [8, 9], [11], [14]]
[[5, 6, 7], [12]]
[[13], [20], [22], [25], [28], [33]]
[[13]]
[[9], [14], [26]]
[[7], [18], [22]]
[[20], [25]]
[[4], [9], [16], [22]]
[[7]]
[[8], [18], [28], [32], [34, 35], [43], [46, 47]]
[[11], [18], [20], [24]]
[[6, 7, 8, 9]]
[[7], [24]]
[]
[[8], [36], [39]]
[[14], [19], [23, 24]]
[[23], [29]]
[[4], [7], [9]]
[[4], [6], [14, 15], [28], [31]]
[[7], [25], [33], [39], [45]]
[[5], [8], [23]]
[[5], [20], [22]]
[[7], [9], [22], [33]]
[[6], [11], [26], [32]]
[[4], [6]]
[[6], [11], [18], [26], [28]]
[[8]]
[[3]]
[[7]]
[[13], [16]]
[[2], [12]]
[[3], [8, 9], [18]]
[[2], [4], [15]]
[[4], [12, 13], [19], [21], [31], [37]]
[[5], [35]]
[[16], [22], [25]]
[[7], [9]]
[[7], [11]]
[[3, 4]]
[[4], [8, 9], [25], [50]]
[[6], [8]]
[[9], [12], [15]]
[[16]]
[[13], [23], [25], [32]]
[[12], [17]]
[[2]]
[[9]]
[]
[[1], [3], [24]]
[[18], [20], [27]]
[[3], [6], [12, 13], [30], [33], [37], [39], [41], [43]]
[[7], [9]]
[[15]]
[[13], [26]]
[[13], [16], [18], [23]]
[[4, 5]]
[[3], [9], [13], [21], [23]]
[[5], [17], [22]]
[[4, 5], [14], [20]]
[[6], [8, 9]]
[[7], [13]]
[]
[[8], [16], [19]]
[[8], [24]]
[[11, 12, 13, 14], [17], [21], [25, 26, 27, 28, 29]]
[[14], [18]]
[[19], [21], [34], [37]]
[[16]]
[[7]]
[[7, 8], [23]]
[[6], [10]]
[[5], [7], [9], [17]]
[[1], [6], [8], [18], [26], [30, 31], [36]]
[[2], [5], [9]]
[[26], [30], [35], [41], [44]]
[[2], [5], [9]]
[[9], [20]]
[[17]]
[]
[[5, 9]]
[[9], [11], [21]]
[[33]]
[[7]]
[[28]]
[[7], [11], [13], [22]]
[[6]]
[[13], [15], [20], [24], [38], [40]]
[[17], [24]]
[[6], [14]]
[[4], [6], [16]]
[[12], [16, 17]]
[[2], [7], [25]]
[[11], [14]]
[[1], [5], [7], [17], [19]]
[[3], [7], [18], [22]]
[[11]]
[]
[]
[[1], [6], [13], [16], [18]]
[]
[[6], [26], [28], [31], [37]]
[[6], [22]]
[[8], [10]]
[[12], [44], [46]]
[[7, 8, 9], [11], [14], [17], [19]]
[[12], [19], [23]]
[[19], [29]]
[[3]]
[[2], [4], [6], [23]]
[[4], [19]]
[[31]]
[]
[[4], [10]]
[[40, 41]]
[]
[]
[[9]]
[[25], [28], [31], [42], [52, 53]]
[[12], [14]]
[[4], [17]]
[[3], [20], [24]]
[[7], [9], [14], [19]]
[]
[[25], [31, 32, 33]]
[[16], [26]]
[[10]]
[[6, 7], [9], [12], [24, 25, 26], [34]]
[[5]]
[[7], [22], [29]]
[[13], [15], [34], [41]]
[[9, 10, 11], [24]]
[]
[[2], [14], [21], [27]]
[[5, 6], [8]]
[[6], [10], [36]]
[]
[[22], [24, 25]]
[[14], [23]]
[[4], [13], [25, 26, 27]]
[[4], [8], [20]]
[[9], [15], [43]]
[[2], [4], [6], [10], [16], [25]]
[[8]]
[[10], [14]]
[[8]]
[[7], [13]]
[[5], [13], [17]]
[[3], [16], [18], [26], [35]]
[[2]]
[[2], [7]]
[[7]]
[]
[[19], [22], [24], [37]]
[[7], [9]]
[[2], [4], [8, 9, 10]]
[[12], [41]]
[[7]]
[[5], [13], [26]]
[[2, 3], [11], [20], [25], [36], [38]]
[[14], [18]]
[]
[[7], [11], [14]]
[[2, 3, 4], [6], [27], [29]]
[[6]]
[[6], [12], [15]]
[]
[[2]]
[]
[[6], [16], [18]]
[[18], [24], [34]]
[]
[]
[]
[[7, 8], [22]]
[[19], [22], [26, 27]]
[]
[[6]]
[[3], [29], [32]]
[[3], [15]]
[[8], [12], [28]]
[[19]]
[[8], [15], [17], [21, 22], [52]]
[[5], [7], [14]]
[]
[[14]]
[]
[[18], [28]]
[[4, 5, 6], [38]]
[]
[[32]]
[[1]]
[[9], [11], [19]]
[[4], [8], [10], [18]]
[[5, 6, 7], [10], [13], [15, 16, 17, 18], [20], [32]]
[[4]]
[[10], [17], [24, 25]]
[[17], [24], [27], [30], [40], [46], [48], [51]]
[[11], [16], [25], [27]]
[]
[]
[]
[]
[[7], [16], [18]]
[[10], [14], [19], [25, 26, 27]]
[[5], [8]]
[[3], [9, 10, 11], [19], [26]]
[[11], [13]]
[[9], [11]]
[[3], [5], [9], [15], [24]]
[[3, 4, 5, 6], [16], [19]]
[]
[]
[[23], [28], [33], [35]]
[[4], [8, 9], [13, 14], [21], [26]]
[[6], [13]]
[]
[]
[]
[]
[[15], [26]]
[[4]]
[[10]]
[[6, 7], [12], [25]]
[]
[[7]]
[[7]]
[[1], [6], [20]]
[[7]]
[[6]]
[]
[[3], [18, 19], [25], [27], [30, 31]]
[[5], [17]]
[[8, 9]]
[[3], [5, 6]]
[[2]]
[[4], [6], [8], [18], [20], [22]]
[[3], [9]]
[[2], [8, 9]]
[[5, 6], [18], [23], [33], [38]]
[[6]]
[[1], [16]]
[[5]]
[[3], [12], [20], [26]]
[[4]]
[[3], [11], [15]]
[[4], [20, 21], [34]]
[[4], [8], [15], [24]]
[[12, 13], [44]]
[[4], [13]]
[[8], [14], [45, 46, 47], [50]]
[[6]]
[]
[[2], [17], [19, 20], [26], [36]]
[[3], [14, 15], [18], [20], [46, 47, 48]]
[[8], [26], [37], [45]]
[[2], [11], [20], [28], [30], [36, 37], [39, 40]]
[[3], [12]]
[[3], [13], [24, 25, 26]]
[[7, 8]]
[[3]]
[[2], [8], [14], [17]]
[[2]]
[[14], [23, 24], [36]]
[[5]]
[[6], [9, 12], [15], [21]]
[[3], [12]]
[]
[[6]]
[[7], [15], [26]]
[[2], [10], [17]]
[[3], [5], [14], [18], [21], [29]]
[[3], [7, 8], [12], [23]]
[[3], [10], [18, 19, 20], [29]]
[[3]]
[[2], [5], [13], [19], [22]]
[[2], [15]]
[[2], [7], [16], [18]]
[[17]]
[[4]]
[]
[]
[[37]]
[[5], [20]]
[[3, 4], [7], [10]]
[[4]]
[[3], [12], [14]]
[[15]]
[]
[[3]]
[]
[[6, 7, 8], [10]]
[[6]]
[[6, 7, 8]]
[[3], [6, 7], [12]]
[[15, 16], [24]]
[[10], [12, 13], [36]]
[[7]]
[[1], [15]]
[]
[[2], [8]]
[[4], [6], [16, 17], [28]]
[[10], [14], [27], [33]]
[[6]]
[]
[[22], [34]]
[[7], [10], [20]]
[]
[[3], [7], [9]]
[[5], [12], [27]]
[[2], [5], [15], [20], [29], [31]]
[[2, 3], [8], [12]]
[[2], [5], [8], [10]]
[[3], [29]]
[[8], [10, 11], [18]]
[[13]]
[[12], [18], [22, 23, 24, 25], [38], [43]]
[[17]]
[[4], [21]]
[[4], [16], [18], [25], [31], [33, 34], [36], [43]]
[]
[[4]]
[[10], [16]]
[[5], [8], [11], [14]]
[[6], [15]]
[[5], [15], [34]]
[[7], [18], [20]]
[[3], [27], [30]]
[[6]]
[[2], [5]]
[[2]]
[[2]]
[[3], [8], [21]]
[[7], [9]]
[[8], [10, 11], [35], [68], [75], [81]]
[]
[[1], [34]]
[[13], [20], [24]]
[[16]]
[[1], [23]]
[[31], [38]]
[]
[[1], [3], [6], [26]]
[[4], [6], [18]]
[[5]]
[[7, 8, 9, 10]]
[[5], [9], [11], [17], [19], [21]]
[[4, 5, 6]]
[[5], [13], [15], [25], [28]]
[[5], [13]]
[]
[[11], [34]]
[[3], [10], [29], [35]]
[]
[[12], [14]]
[[5]]
[[3], [8]]
[[9], [18]]
[[3], [9]]
[[7, 8], [17]]
[[3], [8], [31]]
[[8], [17], [31], [34], [36, 37], [53], [58, 59, 60, 61]]
[]
[]
[[2], [10, 11]]
[[4], [7], [21], [24]]
[[14], [16], [19], [25], [29]]
[[4], [9, 10], [16], [18], [20], [23], [28]]
[[6], [8], [11], [16], [19], [28], [30, 31], [35]]
[[8], [16], [30], [32], [44]]
[[7], [9], [13], [17]]
[]
[[1], [3], [29]]
[[7], [13]]
[[7]]
[]
[[28]]
[]
[]
[[6], [29]]
[]
[[1], [4]]
[[4], [10, 11, 12, 13], [22]]
[[7], [19]]
[[20]]
[[6], [8], [10]]
[[5], [8], [17], [19], [33, 34, 35, 36], [38]]
[[4, 5], [20]]
[]
[]
[[1], [3], [5], [7], [17]]
[[3], [6], [8]]
[[2], [10], [25]]
[[11], [26], [33]]
[]
[[4], [6], [8], [14]]
[[2], [13]]
[[7]]
[]
[[6, 7], [16]]
[[23], [26], [28]]
[[34], [43], [45]]
[[3], [6], [27]]
[[6], [11], [30]]
[[2, 3]]
[[1]]
[[15], [19], [26], [28], [36]]
[[5], [8], [16]]
[[9], [17], [23]]
[]
[]
[[4]]
[[2], [5, 6], [17], [19], [21], [24, 25]]
[[1], [3], [15], [21, 22], [29]]
[[8], [10, 11], [13]]
[[6], [8], [11]]
[[2], [5]]
[[3]]
[[4], [14], [23]]
[[5]]
[[4], [18]]
[[5], [9]]
[[8], [13], [16]]
[[5], [10]]
[[6, 7], [9], [11], [16], [27, 28]]
[[6], [16], [18, 19]]
[[4], [12], [19], [22], [30], [33, 34]]
[[4], [8]]
[[7], [9]]
[[3], [7], [11, 12]]
[[5], [7], [15]]
[[2], [4], [13]]
[[4], [6]]
[[4], [11], [14], [19, 20]]
[[2, 3], [12], [27]]
[[5], [16], [26]]
[[3], [8], [10], [15], [17]]
[[4], [27]]
[]
[]
[]
[]
[]
[]
[[1], [3]]
[[14], [17], [34]]
[[18], [20], [25], [27], [35], [38], [41], [43]]
[[3], [5], [7]]
[[6], [12], [14]]
[[1], [11], [34]]
[[2], [4], [12]]
[[9], [16], [27]]
[]
[[1], [7], [13], [16]]
[[2], [6], [9]]
[[19], [21], [30]]
[]
[[3], [9]]
[]
[]
[]
[[3], [15]]
[[20]]
[[8]]
[[7], [9]]
[[9]]
[[6], [10]]
[[2], [4], [10], [17], [19]]
[[15]]
[[19]]
[[9], [26]]
[[24], [26]]
[]
[[2], [4], [6], [8]]
[[3], [5], [7]]
[[7]]
[]
[[1], [3]]
[[17]]
[[7], [15], [35]]
[[2], [7], [9], [19]]
[[11]]
[[5], [9], [12, 13]]
[[6], [10]]
[[8], [10], [12], [31]]
[[7], [9], [22], [26]]
[[26], [28]]
[[4]]
[[21], [26], [37]]
[[6]]
[[15]]
[[6], [9], [11], [13], [19]]
[[4], [6], [8], [15], [18], [22], [28]]
[[8], [10], [15]]
[]
[[1], [3], [13], [24], [31]]
[[2], [9], [13], [28], [32]]
[[12], [16], [19], [28], [34], [36], [45]]
[[3], [8], [30], [32]]
[[5], [8], [15]]
[[4], [8], [14], [48]]
[[7]]
[[7]]
[[5], [12], [31], [51, 52]]
[[6]]
[[4], [6], [11], [31, 32, 33]]
[[8], [11], [19], [27]]
[]
[[3], [8]]
[]
[[3], [5], [21], [23]]
[[17], [22, 23, 24], [29], [31], [34]]
[[3], [11], [15], [19], [25], [30]]
[[8]]
[[3], [29]]
[[2, 3], [10], [16], [22], [24], [28]]
[[11], [25], [29]]
[[3], [13], [17], [21]]
[[2], [10, 11, 12], [18]]
[]
[]
[[10, 11], [14], [27], [31, 32], [38], [43]]
[]
[[8], [17], [33]]
[[7], [14]]
[[4], [6], [13], [19], [21]]
[[9]]
[[5], [8]]
[[7], [14]]
[[2], [4], [6, 7], [15]]
[[3], [8]]
[[8], [14]]
[]
[[1], [8]]
[]
[]
[]
[[2]]
[[12], [23]]
[[15], [26]]
[]
[]
[[2], [9], [12]]
[]
[]
[]
[[2]]
[[15]]
[]
[[3], [5, 6]]
[[5], [23], [26], [32]]
[[8], [15], [19]]
[[7], [20, 21, 22]]
[[14], [30]]
[[14], [33], [35], [44]]
[]
[[1], [26], [28]]
[[8, 9, 10]]
[[4], [8, 9, 10, 11], [17]]
[[33]]
[[2, 3], [5]]
[[4, 5, 6, 7], [12], [14], [16], [23]]
[[2], [4, 5], [15]]
[[8], [17]]
[[4], [8]]
[[3]]
[[15], [17], [20]]
[]
[]
[]
[[15, 16]]
[[5], [27]]
[[9], [15], [30]]
[[14, 15], [32]]
[]
[[2], [13]]
[[12], [16], [27, 28]]
[[8, 9], [12], [19]]
[[4]]
[[16]]
[[2, 3], [9], [20]]
[[11], [14]]
[[7], [17]]
[[10], [31]]
[]
[[7], [21], [26], [39]]
[[3], [9, 10], [18]]
[[10], [28], [31], [33, 34]]
[[4], [6], [11], [13]]
[[10]]
[]
[[4, 5], [18], [21]]
[[5], [12], [21]]
[[20], [39], [44], [46], [55], [57]]
[[2], [15]]
[[8], [12], [17]]
[[4], [6], [18], [32], [34]]
[[2], [5]]
[[47], [59], [62], [69], [72]]
[[7], [19], [25]]
[[17], [21], [23], [25], [32]]
[[1], [15], [30], [36], [38]]
[[6], [21, 22], [26], [38]]
[[3], [13], [37], [40]]
[[4], [10], [18]]
[[17], [19]]
[[14], [22], [30]]
[[5], [10], [21], [39]]
[[6], [13]]
[[7], [13], [19], [22, 23]]
[[10, 11], [21]]
[[4], [10], [12], [27], [31, 32]]
[[8], [10], [18]]
[[5], [20]]
[[1], [11], [16], [25], [27], [29]]
[[6], [11], [22], [27]]
[[3], [8], [23], [25], [31], [34]]
[[10], [14], [20], [31], [33]]
[[18], [25], [34], [47]]
[[2], [8]]
[[5, 6, 7], [13], [17]]
[]
[[1], [5], [12], [19]]
[[15]]
[[4], [9], [11]]
[[8], [16]]
[]
[[1], [8], [10]]
[[7], [15]]
[[2], [20]]
[[13], [36], [54], [68]]
[[6], [9]]
[[8], [11]]
[[2], [5], [10, 11]]
[[6], [11]]
[[9], [25]]
[[7], [13]]
[[4], [30]]
[[10]]
[[9], [19], [23, 24, 25]]
[[13, 14], [16], [21]]
[]
[]
[[7, 8]]
[[6], [9], [17, 18]]
[[2], [6], [17], [22, 23, 24, 25], [31]]
[[7], [19]]
[[6], [8], [13], [15]]
[[12], [18], [25]]
[]
[[5, 6, 7, 8], [11]]
[]
[[25]]
[]
[]
[]
[]
[[2], [7], [9]]
[]
[[15, 16], [22]]
[]
[[6]]
[[6], [9]]
[[14], [23], [25]]
[]
[[8], [11], [17]]
[]
[[7]]
[]
[]
[[1], [6], [14]]
[]
[]
[[22], [24]]
[[2], [6], [10], [12]]
[[6], [24]]
[[8], [13]]
[[6], [14], [16]]
[[4], [6], [8, 9]]
[[13], [17], [21]]
[[7]]
[[2], [4], [8], [11], [17], [23], [29]]
[[2], [8], [11]]
[[4], [9], [14], [21], [23]]
[[8], [11]]
[[4], [8], [10]]
[]
[[7], [10], [13]]
[[23], [25]]
[[18]]
[[3], [25]]
[[10], [19]]
[[3], [7], [13], [15], [22]]
[[2], [4]]
[[3]]
[[2], [24]]
[[5], [11]]
[]
[[1], [11], [13]]
[[7], [9, 10], [20], [28]]
[[8], [13, 14, 15], [34, 35]]
[]
[[3]]
[[12]]
[[5], [14], [24, 25]]
[]
[[5], [8, 9]]
[[2], [4], [10]]
[[9, 10], [17], [25], [28]]
[]
[[1], [4], [16]]
[[11, 12], [24]]
[[6], [24]]
[[9], [19], [29]]
[[9], [12], [27]]
[[3]]
[[3], [5], [7], [11], [22], [28]]
[[4]]
[[3], [18]]
[[12], [16], [26], [40]]
[[4], [10], [15], [17], [20]]
[[3], [30]]
[[5], [15], [20], [25], [28]]
[[3], [7], [11], [22], [28, 29]]
[[8], [10], [16], [18], [24]]
[[7], [11], [13], [18], [20, 21]]
[[5]]
[[6], [20], [22]]
[[5], [10]]
[[3, 4, 5], [12], [16]]
[[2], [15], [27, 28], [34]]
[[8], [11], [14]]
[[16], [19], [24], [27], [51], [63], [67], [69]]
[[26]]
[[6], [11], [25, 26, 27, 28], [33], [36]]
[[3], [18], [23], [25], [28, 29], [31]]
[[5], [12, 13, 14], [19], [22]]
[]
[[5], [23], [29]]
[[9], [18]]
[]
[[4], [8], [10], [12], [33]]
[[2], [10], [12]]
[[4], [7], [25], [48]]
[[6]]
[]
[]
[[1], [3], [9]]
[[6], [14], [24], [26], [37]]
[[3], [5], [7]]
[[13]]
[[5]]
[[8]]
[]
[[4]]
[[3]]
[]
[[1], [5, 6], [16], [21]]
[[14], [29]]
[[6], [8], [10]]
[[13], [16], [18, 19], [24], [32]]
[[6, 7, 8], [16], [22]]
[[6]]
[[6]]
[[3], [14], [20]]
[[3], [16], [21]]
[[5], [21], [27], [38]]
[[10], [17], [24]]
[[10]]
[[6], [9]]
[[12]]
[[4], [7], [27], [33], [41, 42]]
[[8], [15], [18]]
[[4]]
[[5, 6, 7]]
[[6, 7], [9], [16], [26]]
[[5], [11], [19]]
[[4], [8]]
[[8]]
[[7, 8, 9]]
[[5]]
[[10]]
[]
[[3]]
[]
[[3]]
[]
[[1], [6], [14, 15, 16], [19], [22], [32]]
[[4], [6]]
[[2]]
[[6], [15], [38], [62]]
[]
[[2]]
[[12], [33]]
[[17], [25], [28], [48]]
[[12], [14], [21], [33]]
[[9], [24]]
[[6], [11], [16]]
[[14]]
[]
[[1], [3], [6], [14]]
[[14], [18], [24]]
[[2], [4]]
[[7], [9], [12], [22]]
[]
[[1], [3], [5], [11]]
[[15, 16]]
[[3], [17], [19], [26]]
[]
[[5], [8], [10], [27]]
[]
[[1], [7], [24]]
[[4], [23], [26]]
[[6], [11], [19, 20]]
[[5], [8], [24], [30]]
[[8], [31]]
[[10]]
[]
[[4], [15, 16, 17], [25], [27]]
[[7], [14], [18], [37], [42]]
[]
[[22], [26], [31]]
[[4, 5], [14], [24]]
[[6], [14]]
[[3]]
[[1], [19]]
[[3], [7]]
[[20], [24]]
[[2], [5]]
[[2], [28]]
[[15]]
[[3], [6], [17], [24], [27]]
[[7], [21], [24]]
[[3], [5]]
[[4], [20]]
[[5]]
[[8]]
[[2]]
[[7]]
[[3], [10], [14]]
[]
[[1], [6], [12]]
[[9], [11], [15]]
[[2], [5], [13]]
[]
[[6], [15]]
[[7], [13]]
[[11], [14], [20, 21]]
[[2], [6], [9], [31]]
[[5], [7]]
[[3]]
[]
[[6]]
[[10], [26]]
[[17]]
[[33], [43], [47]]
[[15]]
[[5, 6], [20]]
[[4], [8, 9]]
[[5]]
[[6], [8], [14], [23]]
[[7]]
[[5]]
[[5], [13], [25]]
[[20]]
[[4], [11], [22]]
[[7], [21]]
[]
[[7]]
[[4], [16]]
[[5], [25], [29]]
[[9], [28]]
[[14]]
[[7]]
[]
[[30], [36]]
[[4], [6], [13, 14]]
[[10], [17]]
[[3]]
[[6], [8], [10]]
[[14], [22]]
[[7], [16], [22], [24]]
[[11]]
[[8]]
[]
[[7], [9], [11]]
[[17], [24], [30]]
[[13], [24], [30]]
[[9], [15]]
[[20], [27]]
[[4], [7], [14]]
[[6], [10], [29], [37]]
[[3]]
[[6], [18]]
[[5], [9], [20], [22]]
[[9], [25, 26], [41]]
[[3], [19, 20], [22], [31]]
[[3], [12], [15], [17], [20], [25], [27], [31, 32]]
[[3], [16], [18], [28, 29, 30]]
[[3], [13], [28], [32, 33, 34], [36], [46]]
[[28], [30], [35], [47]]
[]
[[6], [10]]
[[2], [4], [9]]
[[7], [19]]
[[17], [26], [30]]
[[5, 6], [18], [26]]
[[16], [18]]
[[10], [14], [21], [23], [26], [31], [33, 34, 35, 36]]
[[3]]
[[7], [24], [33], [37], [44], [70]]
[[5], [8], [19], [23], [26], [34]]
[[6], [17], [22], [27], [45], [48]]
[[10], [24], [30], [32]]
[[5], [12]]
[[2], [13]]
[[10]]
[]
[]
[[7], [13], [28], [31, 32], [37], [40], [44], [46]]
[[11]]
[[18], [21], [38]]
[[17]]
[[17]]
[[2], [18]]
[[16], [20]]
[[15]]
[[15]]
[[3]]
[[5], [42], [49, 50], [52]]
[[9]]
[[11], [22], [33]]
[[2], [14]]
[[9]]
[[2]]
[[6]]
[[4], [6]]
[[3], [10], [27], [29]]
[]
[[12]]
[[8]]
[[2]]
[[7]]
[[2]]
[]
[[4], [6], [8]]
[[8, 9], [16], [38]]
[[14], [17], [23]]
[[6]]
[[8], [17], [19], [25]]
[[19], [41]]
[[4], [6]]
[[27], [35]]
[]
[[16], [20]]
[[5], [9]]
[[9], [30], [32]]
[[4], [7, 8, 9], [15]]
[[7], [9]]
[[16], [21], [30]]
[[2], [8], [10], [23], [27], [29]]
[[5], [11]]
[[4], [9], [24]]
[[5], [10]]
[[2], [6], [12], [15], [18, 19, 20], [23]]
[[4], [10], [39]]
[[7]]
[[6], [13]]
[[6], [8], [21]]
[[27], [29]]
[[6]]
[[5], [11]]
[[32], [34], [36], [45]]
[[4], [6, 7], [23], [43], [56]]
[[7], [12]]
[[6], [9], [11, 12, 13, 14], [26, 27, 28, 29], [41]]
[[3], [5], [14], [22], [41]]
[[3], [12], [21], [30], [33], [35]]
[[1], [3], [5]]
[]
[[5], [25]]
[[8], [22], [26], [30]]
[[7, 8], [12], [14], [16, 17], [40]]
[[6], [15]]
[]
[[9]]
[]
[[6], [22]]
[[27], [36], [40], [50]]
[[4], [7], [9], [30], [35]]
[[7, 8], [15]]
[[5], [10], [12]]
[[12]]
[[3], [14, 15], [25, 26]]
[[9], [31]]
[[5]]
[[13]]
[[10], [15], [18, 19]]
[[6], [13], [21]]
[[20], [27]]
[[6], [34], [42], [44]]
[[10], [13], [36]]
[[3], [6], [12], [27]]
[[16], [26], [34]]
[[3, 4, 5], [11], [15], [24], [28], [30], [35]]
[[2], [14], [24], [29]]
[[4], [10]]
[[2], [21, 22], [33]]
[[7], [17], [19], [34]]
[[3]]
[[5], [22], [24]]
[[4]]
[[6], [26]]
[[2], [6]]
[[4]]
[[7]]
[[5]]
[[3], [24, 25], [31]]
[[12], [37], [40, 41]]
[[5], [8], [18]]
[[4]]
[[1], [4], [12]]
[[6]]
[[4], [16]]
[[6], [13], [18], [20]]
[[7]]
[[7], [22], [30], [32]]
[[7], [18], [22], [24]]
[[7]]
[]
[[10], [12], [39]]
[]
[[4, 5, 6]]
[[17]]
[[3], [10], [13], [34], [36]]
[[8], [14], [16], [21]]
[[26], [29]]
[[13, 14]]
[[5], [13]]
[]
[[8, 9, 10], [28]]
[[3], [11], [28, 29]]
[[5], [12], [18]]
[[2], [10]]
[[5, 6]]
[[2], [4], [6, 7], [16], [18], [22]]
[[9]]
[[7]]
[]
[[5], [7], [9], [25], [36]]
[]
[[1], [3]]
[[4]]
[[13], [15], [25, 26], [28]]
[[2], [8]]
[[3, 4, 5], [13]]
[]
[[4]]
[[5], [17, 18]]
[[17], [19], [40], [46], [48]]
[[10]]
[[2]]
[[6], [20, 21, 22, 23], [30]]
[[10], [16], [19]]
[[3], [14]]
[[3], [16]]
[[25], [27]]
[[13], [18]]
[[14]]
[[7], [12], [14], [22]]
[[4], [8]]
[[2]]
[[8], [26]]
[[2]]
[[7], [13, 14], [20], [28], [30]]
[[9]]
[[3]]
[[2, 3], [11]]
[[2], [5]]
[[9], [12]]
[[7]]
[]
[[3], [12], [17]]
[[7]]
[[4], [12], [16]]
[[3], [7], [17], [22, 23]]
[[10], [21, 22], [29]]
[[5], [14], [19]]
[[8], [13], [26, 27]]
[[5]]
[[11], [21], [29]]
[[3], [5]]
[[2], [7]]
[[3]]
[[8], [17], [26], [33], [35]]
[[5, 6]]
[[3], [9], [14], [33], [38, 39], [54]]
[[4], [12]]
[]
[[4], [7], [14], [24], [29]]
[[15], [18], [24], [29]]
[[3]]
[[9]]
[]
[[1], [3], [6], [12], [21], [29, 30], [32]]
[[22], [24], [26], [33, 34]]
[[3], [22, 23], [25, 26], [28]]
[[9], [13, 14], [19]]
[[4], [10], [14], [19]]
[[6], [28], [35, 36], [50]]
[[4], [13, 14], [16]]
[[6], [8], [14], [20]]
[]
[[4], [10], [17], [20], [29]]
[[2, 3], [8]]
[[3]]
[[16], [43], [48]]
[[4], [14], [19], [33], [36, 37]]
[[5], [8], [18], [20], [23], [28], [30]]
[[4], [6], [8], [11]]
[[10], [22], [37], [39], [41]]
[[16], [18], [23], [26], [50]]
[[16], [22, 23], [33], [37]]
[[15, 16, 17], [22], [25]]
[[4], [23], [39], [42], [45], [55]]
[[4], [11], [20], [22]]
[[12], [33]]
[[15], [24], [27]]
[[1], [32]]
[[4], [15], [17]]
[[11, 12]]
[[22], [25], [33], [40]]
[[7], [13], [34]]
[[3]]
[[3], [12], [25]]
[[10], [14], [16], [19]]
[[9], [12]]
[[8, 9, 10], [15]]
[[7], [10], [12], [19]]
[[9]]
[[14]]
[[13], [15], [17], [26]]
[[5], [26]]
[[7], [12]]
[[18], [20], [24], [27]]
[[3], [6], [10], [12]]
[[5], [19]]
[[20]]
[[8], [14]]
[[2]]
[]
[[1], [5], [13], [15]]
[[11]]
[[2], [12], [21], [26]]
[[3], [9, 10], [22]]
[[3], [6], [18]]
[[5], [7], [12]]
[[8], [10], [12, 13, 14], [23], [39], [44]]
[[9], [13], [15]]
[[8]]
[[7], [12]]
[[3], [11]]
[[2], [4, 5], [8, 9, 10, 11], [17], [20, 21, 22]]
[[5], [8], [18, 19]]
[[10], [14], [17], [26]]
[[14], [17], [20], [26, 27, 28, 29]]
[[3]]
[[2]]
[[6]]
[[14], [34], [44]]
[]
[[1]]
[[21]]
[[5], [12], [20]]
[[7], [17]]
[[3]]
[[15]]
[]
[[1], [3]]
[[14]]
[[11], [15]]
[[9], [13]]
[[6]]
[[6]]
[]
[]
[[1], [3]]
[[3]]
[[12], [19]]